0001000000100000
0001011011101111
0001011011000011
0001011011000011
0001011011100101
0001011011100111
0111011000000000
0001011011111101
0111011000000001
0001011011100111
0111011000000010
0111011000000011
0001011011100011
0111011000000100
0001011011110000
0001011011110000
0001011011111101
0111011000000101
0001011011101111
0001011011101111
0001011011101101
0111011000000110
0001011011111000
0111011000000111
0001011011100011
0111011000001000
0001011011111010
0111011000001001
0001011011111000
0111011000001010
0001011011110000
0001011011110000
0001011011111101
0111011000001011
0001011011110000
0001011011111011
0111011000001100
0001001001100000
0111011000101101
1111000000100010
0001000000100000
0001001001101111
0001000001000001
0001000000100010
1111000000100001
1111000000100101